200
0 200
1 203
2 206
3 209
4 212
5 215
6 218
7 221
8 224
9 227
10 230
11 233
12 236
13 239
14 242
15 245
16 248
17 251
18 254
19 257
20 260
21 263
22 266
23 269
24 272
25 275
26 278
27 281
28 284
29 287
30 290
31 293
32 296
33 299
34 302
35 305
36 308
37 311
38 314
39 317
40 320
41 323
42 326
43 329
44 332
45 335
46 338
47 341
48 344
49 347
50 350
51 353
52 356
53 359
54 362
55 365
56 368
57 371
58 374
59 377
60 380
61 383
62 386
63 389
64 392
65 395
66 398
67 401
68 404
69 407
70 410
71 413
72 416
73 419
74 422
75 425
76 428
77 431
78 434
79 437
80 440
81 443
82 446
83 449
84 452
85 455
86 458
87 461
88 464
89 467
90 470
91 473
92 476
93 479
94 482
95 485
96 488
97 491
98 494
99 497
100 403
101 405
102 408
103 409
104 411
105 414
106 415
107 417
108 420
109 421
110 423
111 426
112 427
113 429
114 432
115 433
116 435
117 438
118 439
119 441
120 444
121 445
122 447
123 450
124 451
125 453
126 456
127 457
128 459
129 462
130 463
131 465
132 468
133 469
134 471
135 474
136 475
137 477
138 480
139 481
140 483
141 486
142 487
143 489
144 492
145 493
146 495
147 498
148 499
149 301
150 303
151 306
152 307
153 309
154 312
155 313
156 315
157 318
158 319
159 321
160 324
161 325
162 327
163 330
164 331
165 333
166 336
167 337
168 339
169 342
170 343
171 345
172 348
173 349
174 351
175 354
176 355
177 357
178 360
179 361
180 363
181 366
182 367
183 369
184 372
185 373
186 375
187 378
188 379
189 381
190 384
191 385
192 387
193 390
194 391
195 393
196 396
197 397
198 399
199 402
